
1.126766204833984375e-02
1.090741157531738281e-02
1.124787330627441406e-02
1.088190078735351562e-02
1.104950904846191406e-02
1.053428649902343750e-02
1.108932495117187500e-02
1.125168800354003906e-02
1.504206657409667969e-02
1.287293434143066406e-02
1.311826705932617188e-02
1.236200332641601562e-02
1.296639442443847656e-02
1.091694831848144531e-02
1.117134094238281250e-02
1.024031639099121094e-02
1.173853874206542969e-02
1.168274879455566406e-02
1.128649711608886719e-02
1.135253906250000000e-02
1.220870018005371094e-02
1.099371910095214844e-02
1.053285598754882812e-02
1.080441474914550781e-02
1.306557655334472656e-02
1.231503486633300781e-02
1.300215721130371094e-02
1.115226745605468750e-02
1.134634017944335938e-02
1.256060600280761719e-02
1.183509826660156250e-02
1.205635070800781250e-02
1.344418525695800781e-02
1.048469543457031250e-02
1.093268394470214844e-02
1.097273826599121094e-02
1.069784164428710938e-02
9.977340698242187500e-03
1.105904579162597656e-02
1.186704635620117188e-02
1.091790199279785156e-02
1.149559020996093750e-02
1.161766052246093750e-02
1.450991630554199219e-02
1.378464698791503906e-02
1.268386840820312500e-02
1.350641250610351562e-02
1.362514495849609375e-02
1.356124877929687500e-02
1.186203956604003906e-02
1.294565200805664062e-02
1.108908653259277344e-02
1.086640357971191406e-02
1.228928565979003906e-02
1.378154754638671875e-02
1.245570182800292969e-02
1.551437377929687500e-02
1.072716712951660156e-02
1.137495040893554688e-02
1.134657859802246094e-02
1.152753829956054688e-02
1.133680343627929688e-02
9.403705596923828125e-03
1.087832450866699219e-02
1.220917701721191406e-02
9.394645690917968750e-03
1.228713989257812500e-02
1.154518127441406250e-02
1.153254508972167969e-02
1.138401031494140625e-02
1.170086860656738281e-02
1.305365562438964844e-02
1.291942596435546875e-02
1.178169250488281250e-02
9.621620178222656250e-03
1.001095771789550781e-02
1.248526573181152344e-02
1.151871681213378906e-02
1.119565963745117188e-02
1.093959808349609375e-02
1.083230972290039062e-02
1.124191284179687500e-02
1.170444488525390625e-02
1.141405105590820312e-02
1.149153709411621094e-02
1.135396957397460938e-02
1.158761978149414062e-02
1.224756240844726562e-02
1.149392127990722656e-02
1.399040222167968750e-02
1.298809051513671875e-02
1.299834251403808594e-02
1.334333419799804688e-02
1.029539108276367188e-02
1.203393936157226562e-02
1.355290412902832031e-02
1.035165786743164062e-02
1.353454589843750000e-02
1.342272758483886719e-02
1.108074188232421875e-02
1.084613800048828125e-02
1.243591308593750000e-02
1.249575614929199219e-02
8.603811264038085938e-03
1.101207733154296875e-02
1.131319999694824219e-02
1.223182678222656250e-02
1.016378402709960938e-02
1.135253906250000000e-02
1.175165176391601562e-02
1.105904579162597656e-02
1.133155822753906250e-02
1.466035842895507812e-02
1.286959648132324219e-02
1.157879829406738281e-02
1.122713088989257812e-02
1.111984252929687500e-02
1.040840148925781250e-02
1.182651519775390625e-02
1.113128662109375000e-02
1.148915290832519531e-02
1.038956642150878906e-02
1.184463500976562500e-02
9.999990463256835938e-03
1.313686370849609375e-02
1.123619079589843750e-02
1.200342178344726562e-02
1.144552230834960938e-02
1.034021377563476562e-02
1.221871376037597656e-02
1.313352584838867188e-02
1.147603988647460938e-02
1.164388656616210938e-02
1.144266128540039062e-02
1.232457160949707031e-02
1.469087600708007812e-02
1.215362548828125000e-02

1.090192794799804688e-02
1.176404953002929688e-02
1.257753372192382812e-02
1.067113876342773438e-02
1.130151748657226562e-02
1.097321510314941406e-02
1.134371757507324219e-02
1.131129264831542969e-02
1.355552673339843750e-02
1.206398010253906250e-02
1.111650466918945312e-02
1.299810409545898438e-02
1.205825805664062500e-02
1.095390319824218750e-02
1.388072967529296875e-02
1.048231124877929688e-02
1.184201240539550781e-02
1.302576065063476562e-02
1.179003715515136719e-02
1.296401023864746094e-02
1.154661178588867188e-02
1.084756851196289062e-02
1.074337959289550781e-02
1.398491859436035156e-02
1.213383674621582031e-02
1.385974884033203125e-02
1.076984405517578125e-02
1.176738739013671875e-02
1.304292678833007812e-02
1.301193237304687500e-02
1.363539695739746094e-02
1.133251190185546875e-02
1.191091537475585938e-02
1.025390625000000000e-02
1.123690605163574219e-02
1.107692718505859375e-02
1.090526580810546875e-02
1.266455650329589844e-02
1.138305664062500000e-02
1.237034797668457031e-02
1.300454139709472656e-02
1.305317878723144531e-02
1.167678833007812500e-02
1.466035842895507812e-02
1.130867004394531250e-02
1.463675498962402344e-02
1.261568069458007812e-02
1.281189918518066406e-02
1.033496856689453125e-02
1.147413253784179688e-02
1.205873489379882812e-02
1.141476631164550781e-02
1.052522659301757812e-02
1.148295402526855469e-02
1.410436630249023438e-02
1.200819015502929688e-02
1.136350631713867188e-02
1.089882850646972656e-02
1.084065437316894531e-02
1.328349113464355469e-02
1.163434982299804688e-02
1.335668563842773438e-02
9.449958801269531250e-03
1.261758804321289062e-02
1.213598251342773438e-02
9.331226348876953125e-03
1.132202148437500000e-02
1.141333580017089844e-02
1.145362854003906250e-02
1.187539100646972656e-02
1.417112350463867188e-02
1.190114021301269531e-02
1.213526725769042969e-02
1.158642768859863281e-02
9.288787841796875000e-03
9.802341461181640625e-03
1.099729537963867188e-02
1.305770874023437500e-02
1.132726669311523438e-02
1.107811927795410156e-02
1.109790802001953125e-02
1.100015640258789062e-02
1.131653785705566406e-02
1.152300834655761719e-02
1.122641563415527344e-02
1.145792007446289062e-02
1.518368721008300781e-02
1.273274421691894531e-02
1.077103614807128906e-02
1.267910003662109375e-02
1.071453094482421875e-02
1.160883903503417969e-02
1.131844520568847656e-02
1.127982139587402344e-02
1.200914382934570312e-02
1.287198066711425781e-02
1.039505004882812500e-02
1.020574569702148438e-02
1.376605033874511719e-02
1.006293296813964844e-02
1.267409324645996094e-02
1.108789443969726562e-02
1.153492927551269531e-02
8.690834045410156250e-03
1.095342636108398438e-02
1.144576072692871094e-02
1.324248313903808594e-02
9.943246841430664062e-03
1.123762130737304688e-02
1.126694679260253906e-02
1.238083839416503906e-02
1.173424720764160156e-02
1.082491874694824219e-02
1.280808448791503906e-02
1.094579696655273438e-02
1.124072074890136719e-02
1.221704483032226562e-02
1.095771789550781250e-02
1.562309265136718750e-02
1.108694076538085938e-02
1.137137413024902344e-02
1.019382476806640625e-02
1.164174079895019531e-02
1.103830337524414062e-02
1.118111610412597656e-02
1.095509529113769531e-02
1.292061805725097656e-02
1.201391220092773438e-02
1.029562950134277344e-02
1.117587089538574219e-02
1.190304756164550781e-02
1.119923591613769531e-02
1.142907142639160156e-02
1.192617416381835938e-02
1.108980178833007812e-02
1.109838485717773438e-02
1.108121871948242188e-02

1.121139526367187500e-02
1.231360435485839844e-02
1.390337944030761719e-02
1.177883148193359375e-02
1.191926002502441406e-02
1.102256774902343750e-02
1.141810417175292969e-02
1.139903068542480469e-02
1.168537139892578125e-02
1.133584976196289062e-02
1.078987121582031250e-02
1.162624359130859375e-02
1.184201240539550781e-02
1.074457168579101562e-02
1.103830337524414062e-02
1.085805892944335938e-02
1.197075843811035156e-02
1.267504692077636719e-02
1.179051399230957031e-02
1.573038101196289062e-02
1.200509071350097656e-02
1.139974594116210938e-02
1.081228256225585938e-02
1.117086410522460938e-02
1.177501678466796875e-02
1.151323318481445312e-02
1.066231727600097656e-02
1.342082023620605469e-02
1.075601577758789062e-02
1.208138465881347656e-02
1.427388191223144531e-02
1.177406311035156250e-02
1.334428787231445312e-02
1.025271415710449219e-02
1.097989082336425781e-02
1.230669021606445312e-02
1.406645774841308594e-02
1.070570945739746094e-02
1.204299926757812500e-02
1.191425323486328125e-02
1.132726669311523438e-02
1.156425476074218750e-02
1.106572151184082031e-02
1.263475418090820312e-02
1.170253753662109375e-02
1.441478729248046875e-02
1.413083076477050781e-02
1.190185546875000000e-02
1.108074188232421875e-02
1.003861427307128906e-02
1.251673698425292969e-02
1.020431518554687500e-02
1.070094108581542969e-02
1.110458374023437500e-02
1.230001449584960938e-02
1.317858695983886719e-02
1.130080223083496094e-02
1.183176040649414062e-02
1.417016983032226562e-02
1.180410385131835938e-02
1.338577270507812500e-02
1.129317283630371094e-02
9.452819824218750000e-03
1.050543785095214844e-02
1.247549057006835938e-02
9.835958480834960938e-03
1.131510734558105469e-02
1.152920722961425781e-02
1.179599761962890625e-02
1.131558418273925781e-02
1.295804977416992188e-02
1.374149322509765625e-02
1.209187507629394531e-02
1.254105567932128906e-02
1.179313659667968750e-02
1.025462150573730469e-02
1.505994796752929688e-02
1.221728324890136719e-02
1.096558570861816406e-02
1.090836524963378906e-02
1.106357574462890625e-02
1.109290122985839844e-02
1.158499717712402344e-02
1.141214370727539062e-02
1.100897789001464844e-02
1.211309432983398438e-02
1.334571838378906250e-02
1.192855834960937500e-02
1.096725463867187500e-02
1.121592521667480469e-02
1.078343391418457031e-02
1.141476631164550781e-02
1.092195510864257812e-02
1.068234443664550781e-02
1.153898239135742188e-02
1.183247566223144531e-02
1.035189628601074219e-02
1.026415824890136719e-02
1.242446899414062500e-02
1.021981239318847656e-02
1.246213912963867188e-02
1.226043701171875000e-02
1.273727416992187500e-02
8.854389190673828125e-03
1.078796386718750000e-02
1.107668876647949219e-02
1.211094856262207031e-02
9.970426559448242188e-03
1.136374473571777344e-02
1.166391372680664062e-02
1.119375228881835938e-02
1.233196258544921875e-02
1.092934608459472656e-02
1.289319992065429688e-02
1.149201393127441406e-02
1.156878471374511719e-02
1.100969314575195312e-02
1.023077964782714844e-02
1.154470443725585938e-02
1.264691352844238281e-02
1.199555397033691406e-02
1.179194450378417969e-02
1.169395446777343750e-02
1.014375686645507812e-02
1.117730140686035156e-02
1.114344596862792969e-02
1.204180717468261719e-02
1.130032539367675781e-02
1.027441024780273438e-02
1.334619522094726562e-02
1.047611236572265625e-02
1.449418067932128906e-02
1.299381256103515625e-02
1.239991188049316406e-02
1.332998275756835938e-02
1.527929306030273438e-02
1.539540290832519531e-02

1.205801963806152344e-02
1.173782348632812500e-02
1.331591606140136719e-02
1.472687721252441406e-02
1.546692848205566406e-02
1.298570632934570312e-02
1.257824897766113281e-02
1.228737831115722656e-02
1.274919509887695312e-02
1.338744163513183594e-02
1.218509674072265625e-02
1.282501220703125000e-02
1.316118240356445312e-02
1.230192184448242188e-02
1.276636123657226562e-02
1.150298118591308594e-02
1.395297050476074219e-02
1.283478736877441406e-02
1.270747184753417969e-02
2.059483528137207031e-02
1.654505729675292969e-02
1.223134994506835938e-02
1.171851158142089844e-02
1.182126998901367188e-02
1.159095764160156250e-02
1.155614852905273438e-02
1.242184638977050781e-02
1.081037521362304688e-02
1.062870025634765625e-02
1.124024391174316406e-02
1.134991645812988281e-02
1.009893417358398438e-02
1.144003868103027344e-02
1.130056381225585938e-02
1.094579696655273438e-02
1.219820976257324219e-02
1.089978218078613281e-02
1.147460937500000000e-02
1.124954223632812500e-02
1.312112808227539062e-02
1.246547698974609375e-02
1.709747314453125000e-02
1.137471199035644531e-02
1.230168342590332031e-02
1.142096519470214844e-02
1.216506958007812500e-02
1.230740547180175781e-02
1.196503639221191406e-02
1.035046577453613281e-02
1.020359992980957031e-02
1.229715347290039062e-02
1.037096977233886719e-02
1.066398620605468750e-02
1.083374023437500000e-02
1.401495933532714844e-02
1.214265823364257812e-02
1.153969764709472656e-02
1.084470748901367188e-02
1.094603538513183594e-02
1.044416427612304688e-02
1.155185699462890625e-02
1.264834403991699219e-02
9.375095367431640625e-03
1.397132873535156250e-02
1.211738586425781250e-02
9.332895278930664062e-03
1.126599311828613281e-02
1.236581802368164062e-02
1.297068595886230469e-02
1.175570487976074219e-02
1.160311698913574219e-02
1.190757751464843750e-02
1.215410232543945312e-02
1.165485382080078125e-02
9.387254714965820312e-03
1.007294654846191406e-02
1.222038269042968750e-02
1.251959800720214844e-02
1.238012313842773438e-02
1.086163520812988281e-02
1.245307922363281250e-02
1.200532913208007812e-02
1.236176490783691406e-02
1.262688636779785156e-02
1.102018356323242188e-02
1.141667366027832031e-02
1.174926757812500000e-02
1.206374168395996094e-02
1.193189620971679688e-02
1.273846626281738281e-02
1.355242729187011719e-02
1.204538345336914062e-02
1.109528541564941406e-02
1.040029525756835938e-02
1.228475570678710938e-02
1.159024238586425781e-02
1.026582717895507812e-02
1.029944419860839844e-02
1.516437530517578125e-02
9.963750839233398438e-03
1.424908638000488281e-02
1.100397109985351562e-02
1.288771629333496094e-02
8.845090866088867188e-03
1.196765899658203125e-02
1.194453239440917969e-02
1.525187492370605469e-02
1.015973091125488281e-02
1.472735404968261719e-02
1.137375831604003906e-02
1.222801208496093750e-02
1.159858703613281250e-02
1.084828376770019531e-02
1.280450820922851562e-02
1.108312606811523438e-02
1.225733757019042969e-02
1.107025146484375000e-02
1.083230972290039062e-02
1.341724395751953125e-02
1.219940185546875000e-02
1.181173324584960938e-02
1.019120216369628906e-02
1.167988777160644531e-02
1.032757759094238281e-02
1.195859909057617188e-02
1.331472396850585938e-02
1.371836662292480469e-02
1.231479644775390625e-02
1.381373405456542969e-02
1.062202453613281250e-02
1.004433631896972656e-02
1.109099388122558594e-02
1.291012763977050781e-02
1.143002510070800781e-02
1.091051101684570312e-02
1.110339164733886719e-02
1.124191284179687500e-02

1.101422309875488281e-02
1.097178459167480469e-02
1.105546951293945312e-02
1.072859764099121094e-02
1.197862625122070312e-02
1.062417030334472656e-02
1.153588294982910156e-02
1.603722572326660156e-02
1.131534576416015625e-02
1.146078109741210938e-02
1.082754135131835938e-02
1.144194602966308594e-02
1.166725158691406250e-02
1.098036766052246094e-02
1.100969314575195312e-02
1.021623611450195312e-02
1.175284385681152344e-02
1.198148727416992188e-02
1.149439811706542969e-02
1.176762580871582031e-02
1.134800910949707031e-02
1.100420951843261719e-02
1.051735877990722656e-02
1.102638244628906250e-02
1.176762580871582031e-02
1.280069351196289062e-02
1.391315460205078125e-02
1.173686981201171875e-02
1.322913169860839844e-02
1.160645484924316406e-02
1.133513450622558594e-02
1.022982597351074219e-02
1.143455505371093750e-02
1.023006439208984375e-02
1.437783241271972656e-02
1.179122924804687500e-02
1.104521751403808594e-02
1.130485534667968750e-02
1.120805740356445312e-02
1.182579994201660156e-02
1.149940490722656250e-02
1.783418655395507812e-02
1.087689399719238281e-02
1.204323768615722656e-02
1.116442680358886719e-02
1.166820526123046875e-02
1.287698745727539062e-02
1.224803924560546875e-02
1.032710075378417969e-02
1.013040542602539062e-02
1.238179206848144531e-02
1.034879684448242188e-02
1.065278053283691406e-02
1.127958297729492188e-02
1.336765289306640625e-02
1.357674598693847656e-02
1.156640052795410156e-02
1.160621643066406250e-02
1.410293579101562500e-02
1.047873497009277344e-02
1.145696640014648438e-02
1.096105575561523438e-02
9.597301483154296875e-03
1.268124580383300781e-02
1.236844062805175781e-02
9.525775909423828125e-03
1.151156425476074219e-02
1.131892204284667969e-02
1.137399673461914062e-02
1.165747642517089844e-02
1.136279106140136719e-02
1.189637184143066406e-02
1.203346252441406250e-02
1.300334930419921875e-02
9.697437286376953125e-03
1.015305519104003906e-02
1.126360893249511719e-02
1.164078712463378906e-02
1.092386245727539062e-02
1.166152954101562500e-02
1.460528373718261719e-02
1.104712486267089844e-02
1.171040534973144531e-02
1.130318641662597656e-02
1.105403900146484375e-02
1.142215728759765625e-02
1.188874244689941406e-02
1.439499855041503906e-02
1.059269905090332031e-02
1.252245903015136719e-02
1.056122779846191406e-02
1.138877868652343750e-02
1.115727424621582031e-02
1.026487350463867188e-02
1.383852958679199219e-02
1.180911064147949219e-02
1.147937774658203125e-02
1.136445999145507812e-02
1.185274124145507812e-02
1.017880439758300781e-02
1.086926460266113281e-02
1.109123229980468750e-02
1.165056228637695312e-02
8.610248565673828125e-03
1.418828964233398438e-02
1.155257225036621094e-02
1.215696334838867188e-02
1.010322570800781250e-02
1.146435737609863281e-02
1.153349876403808594e-02
1.092672348022460938e-02
1.302981376647949219e-02
1.282954216003417969e-02
1.273250579833984375e-02
1.114296913146972656e-02
1.308965682983398438e-02
1.172614097595214844e-02
1.023101806640625000e-02
1.166272163391113281e-02
1.122689247131347656e-02
1.147913932800292969e-02
1.139473915100097656e-02
1.610755920410156250e-02
1.071953773498535156e-02
1.220464706420898438e-02
1.118063926696777344e-02
1.322531700134277344e-02
1.220560073852539062e-02
1.269268989562988281e-02
1.135993003845214844e-02
1.292085647583007812e-02
1.279950141906738281e-02
1.365041732788085938e-02
1.205062866210937500e-02
1.066017150878906250e-02
1.098418235778808594e-02
1.200437545776367188e-02

1.094412803649902344e-02
1.065802574157714844e-02
1.116466522216796875e-02
1.354074478149414062e-02
1.166415214538574219e-02
1.382875442504882812e-02
1.126074790954589844e-02
1.224970817565917969e-02
1.182365417480468750e-02
1.301074028015136719e-02
1.101851463317871094e-02
1.165533065795898438e-02
1.172065734863281250e-02
1.100373268127441406e-02
1.139807701110839844e-02
1.028227806091308594e-02
1.316285133361816406e-02
1.248645782470703125e-02
1.463246345520019531e-02
1.204872131347656250e-02
1.314663887023925781e-02
1.124382019042968750e-02
1.069855690002441406e-02
1.088619232177734375e-02
1.331233978271484375e-02
1.277804374694824219e-02
1.146483421325683594e-02
1.117777824401855469e-02
1.143169403076171875e-02
1.384496688842773438e-02
1.455163955688476562e-02
1.065587997436523438e-02
1.178002357482910156e-02
1.030564308166503906e-02
1.093459129333496094e-02
1.100254058837890625e-02
1.084280014038085938e-02
9.784936904907226562e-03
1.123285293579101562e-02
1.222109794616699219e-02
1.083421707153320312e-02
1.155281066894531250e-02
1.054096221923828125e-02
1.213765144348144531e-02
1.321363449096679688e-02
1.272630691528320312e-02
1.294422149658203125e-02
1.177740097045898438e-02
1.041555404663085938e-02
1.023912429809570312e-02
1.320409774780273438e-02
1.035213470458984375e-02
1.112937927246093750e-02
1.149797439575195312e-02
1.273369789123535156e-02
1.215004920959472656e-02
1.160049438476562500e-02
1.070904731750488281e-02
1.091527938842773438e-02
1.083087921142578125e-02
1.158595085144042969e-02
1.083350181579589844e-02
9.587764739990234375e-03
1.099157333374023438e-02
1.227831840515136719e-02
9.454965591430664062e-03
1.150822639465332031e-02
1.169657707214355469e-02
1.157903671264648438e-02
1.338148117065429688e-02
1.271533966064453125e-02
1.222014427185058594e-02
1.203107833862304688e-02
1.187992095947265625e-02
1.061582565307617188e-02
1.000213623046875000e-02
1.133918762207031250e-02
1.151657104492187500e-02
1.123213768005371094e-02
1.109504699707031250e-02
1.127123832702636719e-02
1.108908653259277344e-02
1.160860061645507812e-02
1.213765144348144531e-02
1.131081581115722656e-02
1.112556457519531250e-02
1.181197166442871094e-02
1.256823539733886719e-02
1.207184791564941406e-02
1.141285896301269531e-02
1.053953170776367188e-02
1.470708847045898438e-02
1.122069358825683594e-02
1.059937477111816406e-02
1.158237457275390625e-02
1.185369491577148438e-02
1.034307479858398438e-02
1.088953018188476562e-02
1.333880424499511719e-02
9.895086288452148438e-03
1.099705696105957031e-02
1.122164726257324219e-02
1.182460784912109375e-02
8.618354797363281250e-03
1.269674301147460938e-02
1.268458366394042969e-02
1.257634162902832031e-02
1.096916198730468750e-02
1.149463653564453125e-02
1.425814628601074219e-02
1.099085807800292969e-02
1.246213912963867188e-02
1.097965240478515625e-02
1.599597930908203125e-02
1.217937469482421875e-02
1.179838180541992188e-02
1.097679138183593750e-02
1.026654243469238281e-02
1.159334182739257812e-02
1.172971725463867188e-02
1.277494430541992188e-02
1.040649414062500000e-02
1.213240623474121094e-02
1.025271415710449219e-02
1.145529747009277344e-02
1.122498512268066406e-02
1.207327842712402344e-02
1.169848442077636719e-02
1.019001007080078125e-02
1.063799858093261719e-02
1.027226448059082031e-02
1.314544677734375000e-02
1.197385787963867188e-02
1.141238212585449219e-02
1.111054420471191406e-02
1.149058341979980469e-02
1.160073280334472656e-02

1.093769073486328125e-02
1.067638397216796875e-02
1.260089874267578125e-02
1.424002647399902344e-02
1.246953010559082031e-02
1.056265830993652344e-02
1.133918762207031250e-02
1.109027862548828125e-02
1.153707504272460938e-02
1.135468482971191406e-02
1.083850860595703125e-02
1.161718368530273438e-02
1.182055473327636719e-02
1.089572906494140625e-02
1.155233383178710938e-02
1.035404205322265625e-02
1.192522048950195312e-02
1.163434982299804688e-02
1.141977310180664062e-02
1.151633262634277344e-02
1.489877700805664062e-02
1.099896430969238281e-02
1.342248916625976562e-02
1.168799400329589844e-02
1.182365417480468750e-02
1.172208786010742188e-02
1.055765151977539062e-02
1.103305816650390625e-02
1.113677024841308594e-02
1.146984100341796875e-02
1.152658462524414062e-02
1.033544540405273438e-02
1.173925399780273438e-02
1.119709014892578125e-02
1.224756240844726562e-02
1.063680648803710938e-02
1.358675956726074219e-02
1.024794578552246094e-02
1.264214515686035156e-02
1.219296455383300781e-02
1.121735572814941406e-02
1.162552833557128906e-02
1.191592216491699219e-02
1.227164268493652344e-02
1.285386085510253906e-02
1.174807548522949219e-02
1.224350929260253906e-02
1.192045211791992188e-02
1.008248329162597656e-02
9.995937347412109375e-03
1.394605636596679688e-02
1.009368896484375000e-02
1.154613494873046875e-02
1.102972030639648438e-02
1.226162910461425781e-02
1.198935508728027344e-02
1.166462898254394531e-02
1.727271080017089844e-02
1.214623451232910156e-02
1.079988479614257812e-02
1.485776901245117188e-02
1.084589958190917969e-02
9.653329849243164062e-03
1.055431365966796875e-02
1.232266426086425781e-02
9.711980819702148438e-03
1.125073432922363281e-02
1.125192642211914062e-02
1.192140579223632812e-02
1.131367683410644531e-02
1.144337654113769531e-02
1.292371749877929688e-02
1.342368125915527344e-02
1.134085655212402344e-02
1.044678688049316406e-02
1.012587547302246094e-02
1.155829429626464844e-02
1.342415809631347656e-02
1.170992851257324219e-02
1.149272918701171875e-02
1.093721389770507812e-02
1.195693016052246094e-02
1.434254646301269531e-02
1.518416404724121094e-02
1.442503929138183594e-02
1.142716407775878906e-02
1.172208786010742188e-02
1.177310943603515625e-02
1.063966751098632812e-02
1.128077507019042969e-02
1.055717468261718750e-02
1.135611534118652344e-02
1.090312004089355469e-02
1.037240028381347656e-02
1.182365417480468750e-02
1.314640045166015625e-02
1.033806800842285156e-02
1.187181472778320312e-02
1.331233978271484375e-02
9.880304336547851562e-03
1.089310646057128906e-02
1.101040840148925781e-02
1.288604736328125000e-02
8.773326873779296875e-03
1.083207130432128906e-02
1.201915740966796875e-02
1.283216476440429688e-02
1.016044616699218750e-02
1.154541969299316406e-02
1.164031028747558594e-02
1.104950904846191406e-02
1.160216331481933594e-02
1.244521141052246094e-02
1.269960403442382812e-02
1.117515563964843750e-02
1.202416419982910156e-02
1.112890243530273438e-02
1.057553291320800781e-02
1.346659660339355469e-02
1.497626304626464844e-02
1.180791854858398438e-02
1.061058044433593750e-02
1.189494132995605469e-02
1.036739349365234375e-02
1.156377792358398438e-02
1.285028457641601562e-02
1.551890373229980469e-02
1.141476631164550781e-02
1.040649414062500000e-02
1.079726219177246094e-02
1.019310951232910156e-02
1.109910011291503906e-02
1.166343688964843750e-02
1.118540763854980469e-02
1.062607765197753906e-02
1.283192634582519531e-02
1.548504829406738281e-02

2.020931243896484375e-02
1.710534095764160156e-02
1.234292984008789062e-02
1.244878768920898438e-02
1.175165176391601562e-02
1.131963729858398438e-02
1.200389862060546875e-02
1.175737380981445312e-02
1.219391822814941406e-02
1.243925094604492188e-02
1.211071014404296875e-02
1.314067840576171875e-02
1.256370544433593750e-02
1.153755187988281250e-02
1.205492019653320312e-02
1.102256774902343750e-02
1.433300971984863281e-02
1.365327835083007812e-02
1.314735412597656250e-02
1.248860359191894531e-02
1.229786872863769531e-02
1.160049438476562500e-02
1.171922683715820312e-02
1.187181472778320312e-02
1.240062713623046875e-02
1.247835159301757812e-02
1.330113410949707031e-02
1.209497451782226562e-02
1.189017295837402344e-02
1.265668869018554688e-02
1.275062561035156250e-02
1.131129264831542969e-02
1.276421546936035156e-02
1.130890846252441406e-02
1.202464103698730469e-02
1.195764541625976562e-02
1.224589347839355469e-02
1.033329963684082031e-02
1.191782951354980469e-02
1.277112960815429688e-02
1.137471199035644531e-02
1.239538192749023438e-02
1.142787933349609375e-02
1.287841796875000000e-02
1.182246208190917969e-02
1.257109642028808594e-02
1.343178749084472656e-02
1.295447349548339844e-02
1.138305664062500000e-02
1.128768920898437500e-02
1.343870162963867188e-02
1.128673553466796875e-02
1.169490814208984375e-02
1.210570335388183594e-02
1.325702667236328125e-02
1.318359375000000000e-02
1.263546943664550781e-02
1.141667366027832031e-02
1.160359382629394531e-02
1.117491722106933594e-02
1.207089424133300781e-02
1.136398315429687500e-02
1.010513305664062500e-02
1.129078865051269531e-02
1.326155662536621094e-02
1.055574417114257812e-02
1.285028457641601562e-02
1.312136650085449219e-02
1.244425773620605469e-02
1.240324974060058594e-02
1.250410079956054688e-02
1.353383064270019531e-02
1.375651359558105469e-02
1.257824897766113281e-02
1.041460037231445312e-02
1.098513603210449219e-02
1.251173019409179688e-02
1.242494583129882812e-02
1.191782951354980469e-02
1.151275634765625000e-02
1.155924797058105469e-02
1.159906387329101562e-02
1.213455200195312500e-02
1.224017143249511719e-02
1.182341575622558594e-02
1.228785514831542969e-02
1.500654220581054688e-02
1.291656494140625000e-02
1.143002510070800781e-02
1.215767860412597656e-02
1.170730590820312500e-02
1.273655891418457031e-02
1.260685920715332031e-02
1.174569129943847656e-02
1.298022270202636719e-02
1.304960250854492188e-02
1.160573959350585938e-02
1.173782348632812500e-02
1.341176033020019531e-02
1.116204261779785156e-02
1.226258277893066406e-02
1.238775253295898438e-02
1.285266876220703125e-02
9.824991226196289062e-03
1.219940185546875000e-02
1.243066787719726562e-02
1.332449913024902344e-02
1.087450981140136719e-02
1.264810562133789062e-02
1.375770568847656250e-02
1.297116279602050781e-02
1.221370697021484375e-02
1.148056983947753906e-02
1.363873481750488281e-02
1.239085197448730469e-02
1.237249374389648438e-02
1.246762275695800781e-02
1.137685775756835938e-02
1.285338401794433594e-02
1.209163665771484375e-02
1.237320899963378906e-02
1.137399673461914062e-02
1.288676261901855469e-02
1.110386848449707031e-02
1.176953315734863281e-02
1.200556755065917969e-02
1.292634010314941406e-02
1.297712326049804688e-02
1.180815696716308594e-02
1.207447052001953125e-02
1.130414009094238281e-02
1.251316070556640625e-02
1.287698745727539062e-02
1.254916191101074219e-02
1.185512542724609375e-02
1.237368583679199219e-02
1.276087760925292969e-02

1.085257530212402344e-02
1.052999496459960938e-02
1.221394538879394531e-02
1.303315162658691406e-02
1.285433769226074219e-02
1.197314262390136719e-02
1.353812217712402344e-02
1.118898391723632812e-02
1.142930984497070312e-02
1.141238212585449219e-02
1.246595382690429688e-02
1.225662231445312500e-02
1.216387748718261719e-02
1.092791557312011719e-02
1.123142242431640625e-02
1.262307167053222656e-02
1.192784309387207031e-02
1.286244392395019531e-02
1.151347160339355469e-02
1.174163818359375000e-02
1.139712333679199219e-02
1.094913482666015625e-02
1.051044464111328125e-02
1.389598846435546875e-02
1.175212860107421875e-02
1.192069053649902344e-02
1.182413101196289062e-02
1.253366470336914062e-02
1.063561439514160156e-02
1.221919059753417969e-02
1.169610023498535156e-02
1.036047935485839844e-02
1.248931884765625000e-02
1.048278808593750000e-02
1.241087913513183594e-02
1.181793212890625000e-02
1.366233825683593750e-02
1.031517982482910156e-02
1.421403884887695312e-02
1.193881034851074219e-02
1.194763183593750000e-02
1.176667213439941406e-02
1.030564308166503906e-02
1.466274261474609375e-02
1.244807243347167969e-02
1.316928863525390625e-02
1.536178588867187500e-02
1.164388656616210938e-02
1.158809661865234375e-02
1.004672050476074219e-02
1.229882240295410156e-02
1.141452789306640625e-02
1.374363899230957031e-02
1.216650009155273438e-02
1.587843894958496094e-02
1.205730438232421875e-02
1.152110099792480469e-02
1.068925857543945312e-02
1.430583000183105469e-02
1.083159446716308594e-02
1.259016990661621094e-02
1.302123069763183594e-02
1.030254364013671875e-02
1.282668113708496094e-02
1.417922973632812500e-02
9.984016418457031250e-03
1.267099380493164062e-02
1.154422760009765625e-02
1.304435729980468750e-02
1.211619377136230469e-02
1.460790634155273438e-02
1.177668571472167969e-02
1.201748847961425781e-02
1.274609565734863281e-02
9.346961975097656250e-03
1.203608512878417969e-02
1.115155220031738281e-02
1.148676872253417969e-02
1.099920272827148438e-02
1.072573661804199219e-02
1.093387603759765625e-02
1.206135749816894531e-02
1.643061637878417969e-02
1.221895217895507812e-02
1.101493835449218750e-02
1.130056381225585938e-02
1.149368286132812500e-02
1.173734664916992188e-02
1.071715354919433594e-02
1.151180267333984375e-02
1.073861122131347656e-02
1.138234138488769531e-02
1.095485687255859375e-02
1.028084754943847656e-02
1.315093040466308594e-02
1.247763633728027344e-02
1.044178009033203125e-02
1.056408882141113281e-02
1.378011703491210938e-02
1.010656356811523438e-02
1.221561431884765625e-02
1.128506660461425781e-02
1.311731338500976562e-02
8.804559707641601562e-03
1.061511039733886719e-02
1.114439964294433594e-02
1.363682746887207031e-02
9.841442108154296875e-03
1.130509376525878906e-02
1.524591445922851562e-02
1.132702827453613281e-02
1.270222663879394531e-02
1.066112518310546875e-02
1.272988319396972656e-02
1.108360290527343750e-02
1.387858390808105469e-02
1.160740852355957031e-02
1.301264762878417969e-02
1.312494277954101562e-02
1.229929924011230469e-02
1.132392883300781250e-02
1.025199890136718750e-02
1.163387298583984375e-02
1.009416580200195312e-02
1.106834411621093750e-02
1.092743873596191406e-02
1.183152198791503906e-02
1.156735420227050781e-02
1.014757156372070312e-02
1.083326339721679688e-02
1.156544685363769531e-02
1.253604888916015625e-02
1.158928871154785156e-02
1.147651672363281250e-02
1.098036766052246094e-02
1.103830337524414062e-02
1.129603385925292969e-02

1.125550270080566406e-02
1.156377792358398438e-02
1.122856140136718750e-02
1.214814186096191406e-02
1.097893714904785156e-02
1.057982444763183594e-02
1.133489608764648438e-02
1.111078262329101562e-02
1.128816604614257812e-02
1.140403747558593750e-02
1.089930534362792969e-02
1.156330108642578125e-02
1.196527481079101562e-02
1.397156715393066406e-02
1.133894920349121094e-02
1.260948181152343750e-02
1.387310028076171875e-02
1.162910461425781250e-02
1.139831542968750000e-02
1.176714897155761719e-02
1.141047477722167969e-02
1.083111763000488281e-02
1.054620742797851562e-02
1.103067398071289062e-02
1.164245605468750000e-02
1.525092124938964844e-02
1.207089424133300781e-02
1.247143745422363281e-02
1.177668571472167969e-02
1.158761978149414062e-02
1.162672042846679688e-02
1.050686836242675781e-02
1.232337951660156250e-02
1.008939743041992188e-02
1.088380813598632812e-02
1.078462600708007812e-02
1.104354858398437500e-02
9.687662124633789062e-03
1.127004623413085938e-02
1.213574409484863281e-02
1.114559173583984375e-02
1.414608955383300781e-02
1.276111602783203125e-02
1.361870765686035156e-02
1.145720481872558594e-02
1.323914527893066406e-02
1.246666908264160156e-02
1.224040985107421875e-02
1.025390625000000000e-02
1.021718978881835938e-02
1.227426528930664062e-02
1.030826568603515625e-02
1.081514358520507812e-02
1.113986968994140625e-02
1.227998733520507812e-02
1.191020011901855469e-02
1.218891143798828125e-02
1.151084899902343750e-02
1.102089881896972656e-02
1.082038879394531250e-02
1.163148880004882812e-02
1.108789443969726562e-02
9.519100189208984375e-03
1.115036010742187500e-02
1.260161399841308594e-02
1.144480705261230469e-02
1.168966293334960938e-02
1.139092445373535156e-02
1.202392578125000000e-02
1.529741287231445312e-02
1.210474967956542969e-02
1.444625854492187500e-02
1.233887672424316406e-02
1.175642013549804688e-02
9.423017501831054688e-03
1.020121574401855469e-02
1.124620437622070312e-02
1.142263412475585938e-02
1.280117034912109375e-02
1.210355758666992188e-02
1.081705093383789062e-02
1.245069503784179688e-02
1.568055152893066406e-02
1.223492622375488281e-02
1.124858856201171875e-02
1.115465164184570312e-02
1.174116134643554688e-02
1.373624801635742188e-02
1.390528678894042969e-02
1.169347763061523438e-02
1.104378700256347656e-02
1.163578033447265625e-02
1.159310340881347656e-02
1.285862922668457031e-02
1.288795471191406250e-02
1.302528381347656250e-02
1.190781593322753906e-02
1.145505905151367188e-02
1.339912414550781250e-02
1.040911674499511719e-02
1.108193397521972656e-02
1.111817359924316406e-02
1.156973838806152344e-02
8.591175079345703125e-03
1.108765602111816406e-02
1.125073432922363281e-02
1.223325729370117188e-02
1.014065742492675781e-02
1.157498359680175781e-02
1.168704032897949219e-02
1.110506057739257812e-02
1.249742507934570312e-02
1.100420951843261719e-02
1.444482803344726562e-02
1.150274276733398438e-02
1.118206977844238281e-02
1.107549667358398438e-02
1.025414466857910156e-02
1.172518730163574219e-02
1.117134094238281250e-02
1.136803627014160156e-02
1.027274131774902344e-02
1.486778259277343750e-02
1.002907752990722656e-02
1.107406616210937500e-02
1.107048988342285156e-02
1.188921928405761719e-02
1.164364814758300781e-02
1.017522811889648438e-02
1.082706451416015625e-02
1.027393341064453125e-02
1.177477836608886719e-02
1.160645484924316406e-02
1.138710975646972656e-02
1.102280616760253906e-02
1.473426818847656250e-02
1.213765144348144531e-02
