
4.691419696807861035e-03
4.946280932426452837e-03
5.072007083892822281e-03
5.429971051216125541e-03
5.970294499397277993e-03
6.284012007713318110e-03
6.654937767982482821e-03
7.127384352684021374e-03
7.682519602775573879e-03
8.097088575363158708e-03
8.661368870735168882e-03
9.297495126724243317e-03
1.000846266746521079e-02
1.045264418125152646e-02
1.106542892456054659e-02
1.175568742752075221e-02

4.714479899406432729e-03
4.947651243209838512e-03
5.261424660682678493e-03
5.467598557472228699e-03
6.237327480316161819e-03
6.582117676734924351e-03
6.993611502647399669e-03
7.406531500816345044e-03
7.882859921455383223e-03
8.274889540672302618e-03
8.930450773239135415e-03
9.353757357597351774e-03
1.008104703426361028e-02
1.068028779029846220e-02
1.128176677227020301e-02
1.194046707153320272e-02

4.689642739295959463e-03
4.965540242195129461e-03
5.215548610687255511e-03
5.461690855026245066e-03
6.227541065216064819e-03
6.558912229537964232e-03
6.985222673416138089e-03
7.386040854454040475e-03
7.884084367752074857e-03
8.279813003540038505e-03
8.843588757514952992e-03
9.348083972930907801e-03
1.004620935916900569e-02
1.065138015747070337e-02
1.126499814987182678e-02
1.191780145168304383e-02

4.698007917404174900e-03
4.992191576957702957e-03
5.225324892997741666e-03
5.477023434638976854e-03
6.239748930931091585e-03
6.540852189064025497e-03
6.999494910240173368e-03
7.383050036430359106e-03
7.876997303962707600e-03
8.266043114662171079e-03
8.842360734939574973e-03
9.337180876731873344e-03
1.006216244697570768e-02
1.063321151733398473e-02
1.125651464462280350e-02
1.190805470943450892e-02

4.633741044998168634e-03
4.937736845016479394e-03
5.194650459289551145e-03
5.399088788032531394e-03
6.176643204689026036e-03
6.537170004844665601e-03
6.977359819412231462e-03
7.387284302711486991e-03
7.864011812210082789e-03
8.247554421424866181e-03
8.842127037048340063e-03
9.354785513877868219e-03
1.005832934379577610e-02
1.065217616558074981e-02
1.127315728664398178e-02
1.193131787776947027e-02

4.616019606590270920e-03
4.922288918495177842e-03
5.168829154968261966e-03
5.419099450111389271e-03
6.187775158882141344e-03
6.521722745895386017e-03
6.962071275711059250e-03
7.338151288032532076e-03
7.850450801849364821e-03
8.224487495422363667e-03
8.803519248962402011e-03
9.333744359016418746e-03
1.001677453517913798e-02
1.062340281009674023e-02
1.122781894207000759e-02
1.192372519969940245e-02

4.669393897056579174e-03
4.941735386848450026e-03
5.224653625488281071e-03
5.437320351600646862e-03
6.204249072074890549e-03
6.538164305686950534e-03
6.973947453498840349e-03
7.371246528625488570e-03
7.846900606155395377e-03
8.257858729362486938e-03
8.799642300605774528e-03
9.309654784202574945e-03
1.004844870567321753e-02
1.064303519725799500e-02
1.124693715572357144e-02
1.192434842586517253e-02

4.650832509994506404e-03
4.918497085571288743e-03
5.171004748344421031e-03
5.415914273262024091e-03
6.175585579872131144e-03
6.542329335212707792e-03
6.966117930412292318e-03
7.338041996955871164e-03
7.847058558464049816e-03
8.245229172706603979e-03
8.782451629638671209e-03
9.334388685226440580e-03
1.001095194816589359e-02
1.060602860450744582e-02
1.125803282260894739e-02
1.190210912227630639e-02
